0 0 1 1580908150203
0.99985823 0.01680430 0.00106589 0.00004015
-0.01683762 0.99828831 0.05600842 -0.00037579
-0.00012289 -0.05601843 0.99842973 -0.00008703
0.00000000 0.00000000 0.00000000 1.00000000
1 1 2 1580908153626
0.99998431 -0.00419662 -0.00371067 0.00054025
0.00493454 0.97344244 0.22887872 -0.00024575
0.00265161 -0.22889344 0.97344787 -0.00010430
0.00000000 0.00000000 0.00000000 1.00000000
2 2 3 1580908154233
0.99840283 0.03086175 0.04732172 0.00166462
-0.04661900 0.92319288 0.38149913 0.01791325
-0.03191334 -0.38309590 0.92315712 -0.00268158
0.00000000 0.00000000 0.00000000 1.00000000
3 3 4 1580908154940
0.99843638 0.01189679 0.05461928 0.00618323
-0.03947484 0.84187589 0.53822552 0.01919615
-0.03957950 -0.53954003 0.84102914 -0.00668104
0.00000000 0.00000000 0.00000000 1.00000000
4 4 5 1580908166288
0.99749652 -0.03317601 0.06245033 -0.09039377
-0.00180941 0.87085679 0.49153349 0.03353180
-0.07069241 -0.49041594 0.86861659 -0.02817048
0.00000000 0.00000000 0.00000000 1.00000000
5 5 6 1580908170423
0.99638229 -0.06370888 0.05624510 -0.01982958
0.04074607 0.93892415 0.34170337 0.00732122
-0.07457942 -0.33817542 0.93812329 -0.02291546
0.00000000 0.00000000 0.00000000 1.00000000
6 6 7 1580908171060
0.99930449 -0.02970843 0.02253742 -0.03548316
0.02514257 0.98313645 0.18113687 -0.00776002
-0.02753865 -0.18044424 0.98319962 -0.01565633
0.00000000 0.00000000 0.00000000 1.00000000
